512 512
32
2 0 2 -167.8212890625
5 0 6 -131.047119140625
7 3 3 29.0302734375
1 0 0 -107.255859375
2 0 0 -98.86669921875
2 0 0 -105.03369140625
7 3 0 -50.34814453125
7 3 3 -49.40625
2 0 6 -97.836181640625
7 3 1 -31.045166015625
5 0 0 -96.835693359375
7 3 4 -113.513671875
3 0 1 -162.336181640625
7 6 4 -150.2021484375
4 7 4 -50.81396484375
7 0 7 -77.584716796875
7 3 7 -113.22509765625
5 0 2 -122.69970703125
7 3 3 39.85546875
1 0 4 -104.206787109375
2 0 0 -91.45166015625
2 0 7 -102.82177734375
0 2 7 -127.878662109375
0 3 7 -158.741455078125
6 6 3 -98.817626953125
7 3 7 -28.02099609375
3 1 4 -35.7978515625
7 3 7 -107.10791015625
7 3 7 -91.46044921875
6 0 0 -164.52099609375
7 0 0 -74.669677734375
2 0 6 115.515380859375
7 4 5 4.890380859375
5 0 6 -123.758056640625
1 0 4 -46.828857421875
1 0 0 -93.78515625
4 7 5 -45.790283203125
1 0 0 -122.783203125
4 7 0 -99.533935546875
1 0 0 -279.796875
7 2 3 -245.508544921875
7 1 6 -207.617431640625
0 3 0 -92.398681640625
4 2 6 -16.83251953125
2 0 7 -136.28759765625
6 1 0 -90.14501953125
4 0 3 108.42919921875
7 1 7 -50.534912109375
1 0 4 -58.717529296875
5 0 6 -123.453369140625
1 0 0 -43.21875
4 0 1 -56.379638671875
4 7 2 -34.677978515625
1 0 4 -139.503662109375
3 1 0 -74.338623046875
1 0 4 -297.255615234375
7 3 6 -243.177978515625
7 2 6 -269.3173828125
6 6 6 -108.961669921875
6 3 2 -81.189697265625
6 3 7 -262.12939453125
6 6 2 95.082275390625
6 6 0 92.341552734375
7 2 0 -110.786865234375
1 0 0 -75.0
5 0 2 -134.51220703125
1 0 4 -47.069091796875
3 6 4 -184.35205078125
4 7 2 -30.324462890625
1 0 4 -145.948974609375
1 0 0 -221.8974609375
4 7 1 -191.553955078125
1 0 5 -290.3642578125
1 0 1 -307.85302734375
7 2 3 -211.219482421875
6 4 7 -267.85107421875
7 2 5 -253.8486328125
4 0 3 102.17724609375
6 4 0 -92.65869140625
2 0 6 -172.458251953125
1 0 4 -81.712646484375
5 0 2 -141.10400390625
1 0 0 -43.5205078125
6 3 4 -146.299072265625
3 6 6 -220.355712890625
7 3 3 -56.6279296875
1 0 1 -167.36572265625
3 5 5 -174.240966796875
0 5 5 -95.038330078125
5 0 4 -195.337646484375
7 3 2 -226.991455078125
6 4 5 -222.62841796875
6 4 2 -64.18798828125
7 6 2 43.067138671875
2 0 4 -175.215087890625
2 0 6 -168.142822265625
4 7 0 -8.239013671875
5 0 2 -145.00048828125
1 0 4 -40.272216796875
4 0 7 -40.509521484375
0 4 6 -161.811767578125
7 2 5 -30.3251953125
7 4 2 107.977294921875
6 6 7 70.957763671875
4 1 1 -38.345947265625
4 7 4 -212.02294921875
0 5 6 -176.239013671875
6 1 0 -77.21337890625
4 0 4 101.91943359375
6 4 0 -81.11572265625
2 0 6 -185.548095703125
2 0 6 -170.463134765625
4 7 0 2.237548828125
5 0 2 -150.05419921875
1 0 4 -52.210693359375
1 0 4 -102.870849609375
3 1 5 1.8076171875
6 6 5 77.659423828125
1 3 4 23.964111328125
4 1 1 -14.372314453125
3 1 5 -93.6796875
7 2 1 -202.587890625
0 5 2 -209.955322265625
5 7 2 143.4228515625
3 0 7 97.119140625
5 0 4 -130.518310546875
4 7 5 -134.738525390625
7 3 0 -100.75634765625
2 2 2 -6.44091796875
5 0 2 -156.29150390625
7 3 5 39.232177734375
4 1 4 56.34814453125
7 7 7 -56.744384765625
3 0 3 80.208251953125
6 3 0 -76.74462890625
7 1 2 -220.935791015625
6 4 7 -89.54443359375
0 2 4 -180.4775390625
3 5 7 -97.593017578125
0 2 4 32.3701171875
6 3 0 -58.00634765625
2 0 1 -161.635986328125
7 3 7 -98.00830078125
7 4 0 -101.30859375
2 2 2 40.79150390625
5 0 6 -154.015869140625
5 0 4 -8.323974609375
3 0 7 1.7958984375
4 7 2 102.194091796875
0 1 2 34.527099609375
7 0 0 -119.693115234375
3 1 4 -59.6337890625
5 0 6 -164.120361328125
6 3 4 -248.885009765625
6 4 2 -87.25341796875
0 2 4 30.814453125
6 4 0 -79.78271484375
2 0 6 -150.626220703125
7 4 7 -103.7548828125
1 0 3 -320.625732421875
1 2 0 -12.59765625
5 0 2 -159.91259765625
5 0 6 19.157958984375
2 1 0 -0.51416015625
3 7 3 -39.8701171875
6 0 4 10.65087890625
4 0 3 67.09423828125
1 0 0 -148.1015625
5 0 5 -115.44287109375
5 7 3 -61.57177734375
6 3 2 -53.723876953125
0 3 4 27.4453125
7 2 0 -103.114013671875
2 0 6 -140.070556640625
6 4 0 -239.66455078125
7 3 5 -255.037353515625
3 1 4 115.2861328125
5 0 6 -162.330322265625
1 0 1 -38.31298828125
0 3 4 12.4453125
7 4 1 -17.9267578125
3 3 2 -18.6943359375
4 7 0 124.519775390625
7 0 6 -95.98828125
6 5 1 -96.941162109375
6 4 2 -129.93017578125
4 0 3 92.65869140625
3 0 7 18.228515625
2 0 0 -155.95458984375
1 0 6 -176.04345703125
6 4 0 -283.83837890625
7 2 5 -255.462890625
7 1 3 -73.297119140625
6 5 6 -151.641357421875
3 0 3 51.482666015625
1 0 4 -15.361083984375
5 0 0 -30.531005859375
7 1 6 -47.249267578125
7 3 5 155.968505859375
3 5 4 -72.261474609375
1 0 4 -171.428466796875
7 2 3 -159.120849609375
5 6 5 -64.40478515625
3 0 1 9.838623046875
7 3 2 -51.271728515625
3 0 2 -53.0830078125
7 2 2 -216.75
3 3 5 -84.0029296875
5 7 2 74.6513671875
0 0 6 -139.888916015625
1 2 2 38.839599609375
7 3 7 130.88818359375
3 6 4 -109.02978515625
3 2 1 27.72802734375
6 6 0 99.249755859375
3 0 7 -23.103515625
4 7 0 -98.508544921875
1 0 0 -234.8056640625
1 0 0 -342.1318359375
5 4 0 -158.952392578125
7 3 7 -74.34228515625
3 5 4 -264.979248046875
6 3 2 -205.771728515625
2 0 1 -19.138916015625
0 5 4 -45.982177734375
7 5 4 -43.4736328125
1 2 6 33.424072265625
7 3 7 151.83251953125
0 3 0 29.593505859375
6 3 2 2.323974609375
0 3 4 39.591796875
0 1 0 -75.3515625
2 0 6 -127.607666015625
1 0 0 -201.0322265625
1 0 0 -306.1171875
0 5 6 -217.612060546875
0 5 1 -53.382568359375
0 6 0 -192.59326171875
6 6 2 -3.516357421875
5 0 6 39.255615234375
0 5 0 -100.606201171875
7 5 0 -35.8447265625
4 7 6 123.580810546875
3 0 7 75.3544921875
3 0 1 58.603271484375
1 0 7 34.8017578125
5 0 3 0.465087890625
7 3 3 -57.0703125
2 0 0 -135.69580078125
4 7 0 -111.302490234375
1 0 0 -257.0068359375
6 4 6 -262.342529296875
6 5 6 10.426025390625
0 2 2 -51.14794921875
4 7 4 45.28857421875
7 4 5 103.354248046875
