512 512
16
0 0 0 -191.25
0 0 0 -191.25
0 0 0 -191.25
0 0 0 -191.25
0 0 0 -191.25
0 0 0 -191.25
0 0 0 -191.25
0 0 0 -191.25
0 0 0 -191.25
0 0 0 -191.25
0 0 0 -191.25
0 0 0 -191.25
0 0 0 -191.25
0 0 0 -191.25
0 0 0 -191.25
0 0 0 -191.25
0 0 0 -191.25
0 0 0 -191.25
0 0 0 -191.25
0 0 0 -191.25
0 0 0 -191.25
0 0 0 -191.25
0 0 0 -191.25
0 0 0 -191.25
0 0 0 -191.25
0 0 0 -191.25
0 0 0 -191.25
0 0 0 -191.25
0 0 0 -191.25
0 0 0 -191.25
0 0 0 -191.25
0 0 0 -191.25
0 0 0 -191.25
0 0 0 -191.25
0 0 0 -191.25
0 0 0 -191.25
0 0 0 -191.25
0 0 0 -191.25
0 0 0 -191.25
0 0 0 -191.25
0 0 0 -191.25
0 0 0 -191.25
0 0 0 -191.25
0 0 0 -191.25
0 0 0 -191.25
0 0 0 -191.25
0 0 0 -191.25
0 0 0 -191.25
0 0 0 -191.25
0 0 0 -191.25
0 0 0 -191.25
0 0 0 -191.25
0 0 0 -191.25
0 0 0 -191.25
0 0 0 -191.25
0 0 0 -191.25
0 0 0 -191.25
0 0 0 -191.25
0 0 0 -191.25
0 0 0 -191.25
0 0 0 -191.25
0 0 0 -191.25
0 0 0 -191.25
0 0 0 -191.25
0 0 0 -191.25
0 0 0 -191.25
0 0 0 -191.25
0 0 0 -191.25
0 0 0 -191.25
0 0 0 -191.25
0 0 0 -191.25
0 0 0 -191.25
0 0 0 -191.25
0 0 0 -191.25
0 0 0 -191.25
0 0 0 -191.25
0 0 0 -191.25
0 0 0 -191.25
0 0 0 -191.25
7 1 0 -157.7080078125
7 2 4 -156.8701171875
0 0 0 -191.25
0 0 0 -191.25
0 0 0 -191.25
0 0 0 -191.25
0 0 0 -191.25
0 0 0 -191.25
0 0 0 -191.25
0 0 0 -191.25
0 0 0 -191.25
0 0 0 -191.25
0 0 0 -191.25
0 0 0 -191.25
0 0 0 -191.25
0 0 0 -191.25
0 0 0 -191.25
0 0 0 -191.25
0 0 0 -191.25
0 0 0 -191.25
0 0 0 -191.25
0 0 0 -191.25
0 0 0 -191.25
0 0 0 -191.25
0 0 0 -191.25
0 0 0 -191.25
0 0 0 -191.25
0 0 0 -191.25
0 0 0 -191.25
0 0 0 -191.25
0 0 0 -191.25
1 13 2 -186.19921875
7 2 0 -155.7890625
7 1 4 -157.072265625
6 2 3 -188.09765625
0 0 0 -191.25
0 0 0 -191.25
0 0 0 -191.25
0 0 0 -191.25
0 0 0 -191.25
0 0 0 -191.25
0 0 0 -191.25
0 0 0 -191.25
0 0 0 -191.25
0 0 0 -191.25
0 0 0 -191.25
0 0 0 -191.25
0 0 0 -191.25
0 0 0 -191.25
0 0 0 -191.25
0 0 0 -191.25
0 0 0 -191.25
0 0 0 -191.25
0 0 0 -191.25
0 0 0 -191.25
0 0 0 -191.25
0 0 0 -191.25
0 0 0 -191.25
0 0 0 -191.25
0 0 0 -191.25
0 0 0 -191.25
0 0 0 -191.25
0 0 0 -191.25
6 3 0 -152.70703125
0 0 0 -191.25
0 0 0 -191.25
6 3 6 -151.72265625
0 0 0 -191.25
0 0 0 -191.25
0 0 0 -191.25
0 0 0 -191.25
0 0 0 -191.25
0 0 0 -191.25
0 0 0 -191.25
0 0 0 -191.25
0 0 0 -191.25
0 0 0 -191.25
0 0 0 -191.25
0 0 0 -191.25
0 0 0 -191.25
0 0 0 -191.25
0 0 0 -191.25
0 0 0 -191.25
0 0 0 -191.25
0 0 0 -191.25
0 0 0 -191.25
0 0 0 -191.25
0 0 0 -191.25
0 0 0 -191.25
0 0 0 -191.25
0 0 0 -191.25
0 0 0 -191.25
0 0 0 -191.25
0 0 0 -191.25
5 4 0 -176.61328125
6 11 4 -165.3427734375
0 0 0 -191.25
0 0 0 -191.25
1 11 4 -164.9296875
5 4 6 -177.404296875
0 0 0 -191.25
0 0 0 -191.25
0 0 0 -191.25
0 0 0 -191.25
0 0 0 -191.25
0 0 0 -191.25
0 0 0 -191.25
0 0 0 -191.25
0 0 0 -191.25
0 0 0 -191.25
0 0 0 -191.25
0 0 0 -191.25
0 0 0 -191.25
0 0 0 -191.25
0 0 0 -191.25
0 0 0 -191.25
0 0 0 -191.25
0 0 0 -191.25
0 0 0 -191.25
0 0 0 -191.25
0 0 0 -191.25
0 0 0 -191.25
0 0 0 -191.25
0 0 0 -191.25
0 0 0 -191.25
0 0 0 -191.25
5 5 0 -151.8310546875
0 0 0 -191.25
0 0 0 -191.25
0 0 0 -191.25
0 0 0 -191.25
5 5 6 -152.6044921875
0 0 0 -191.25
0 0 0 -191.25
0 0 0 -191.25
0 0 0 -191.25
0 0 0 -191.25
0 0 0 -191.25
0 0 0 -191.25
0 0 0 -191.25
0 0 0 -191.25
0 0 0 -191.25
0 0 0 -191.25
0 0 0 -191.25
0 0 0 -191.25
0 0 0 -191.25
0 0 0 -191.25
0 0 0 -191.25
0 0 0 -191.25
0 0 0 -191.25
0 0 0 -191.25
0 0 0 -191.25
0 0 0 -191.25
0 0 0 -191.25
0 0 0 -191.25
0 0 0 -191.25
0 0 0 -191.25
4 6 0 -165.08203125
5 6 0 -176.47265625
0 0 0 -191.25
0 0 0 -191.25
0 0 0 -191.25
0 0 0 -191.25
5 6 6 -174.6796875
4 6 6 -166.822265625
0 0 0 -191.25
0 0 0 -191.25
0 0 0 -191.25
0 0 0 -191.25
0 0 0 -191.25
0 0 0 -191.25
0 0 0 -191.25
0 0 0 -191.25
0 0 0 -191.25
0 0 0 -191.25
0 0 0 -191.25
0 0 0 -191.25
0 0 0 -191.25
0 0 0 -191.25
0 0 0 -191.25
0 0 0 -191.25
0 0 0 -191.25
0 0 0 -191.25
0 0 0 -191.25
0 0 0 -191.25
0 0 0 -191.25
0 0 0 -191.25
0 0 0 -191.25
0 0 0 -191.25
3 8 2 -152.2734375
0 0 0 -191.25
0 0 0 -191.25
0 0 0 -191.25
0 0 0 -191.25
0 0 0 -191.25
0 0 0 -191.25
4 7 6 -151.5439453125
0 0 0 -191.25
0 0 0 -191.25
0 0 0 -191.25
0 0 0 -191.25
0 0 0 -191.25
0 0 0 -191.25
0 0 0 -191.25
0 0 0 -191.25
0 0 0 -191.25
0 0 0 -191.25
0 0 0 -191.25
0 0 0 -191.25
0 0 0 -191.25
0 0 0 -191.25
0 0 0 -191.25
0 0 0 -191.25
0 0 0 -191.25
0 0 0 -191.25
0 0 0 -191.25
0 0 0 -191.25
0 0 0 -191.25
0 0 0 -191.25
0 0 0 -191.25
3 8 0 -154.857421875
4 14 4 -120.05859375
1 14 2 -156.09375
1 14 2 -156.09375
1 14 2 -156.09375
1 14 2 -156.09375
1 14 2 -156.09375
1 14 2 -156.09375
0 14 2 -119.2587890625
8 1 0 -155.1181640625
0 0 0 -191.25
0 0 0 -191.25
0 0 0 -191.25
0 0 0 -191.25
0 0 0 -191.25
0 0 0 -191.25
0 0 0 -191.25
0 0 0 -191.25
0 0 0 -191.25
0 0 0 -191.25
0 0 0 -191.25
0 0 0 -191.25
0 0 0 -191.25
0 0 0 -191.25
0 0 0 -191.25
0 0 0 -191.25
0 0 0 -191.25
0 0 0 -191.25
0 0 0 -191.25
0 0 0 -191.25
0 0 0 -191.25
5 6 2 -184.8544921875
3 9 0 -158.162109375
7 2 6 -158.3466796875
1 13 4 -184.0458984375
0 0 0 -191.25
0 0 0 -191.25
0 0 0 -191.25
0 0 0 -191.25
5 6 2 -184.8544921875
3 9 0 -158.162109375
7 2 6 -158.3466796875
1 13 4 -184.0458984375
0 0 0 -191.25
0 0 0 -191.25
0 0 0 -191.25
0 0 0 -191.25
0 0 0 -191.25
0 0 0 -191.25
0 0 0 -191.25
0 0 0 -191.25
0 0 0 -191.25
0 0 0 -191.25
0 0 0 -191.25
0 0 0 -191.25
0 0 0 -191.25
0 0 0 -191.25
0 0 0 -191.25
0 0 0 -191.25
0 0 0 -191.25
0 0 0 -191.25
0 0 0 -191.25
0 0 0 -191.25
2 10 0 -149.98828125
0 0 0 -191.25
0 0 0 -191.25
6 3 6 -150.62109375
0 0 0 -191.25
0 0 0 -191.25
0 0 0 -191.25
0 0 0 -191.25
2 10 0 -149.98828125
0 0 0 -191.25
0 0 0 -191.25
6 3 6 -150.62109375
0 0 0 -191.25
0 0 0 -191.25
0 0 0 -191.25
0 0 0 -191.25
0 0 0 -191.25
0 0 0 -191.25
0 0 0 -191.25
0 0 0 -191.25
0 0 0 -191.25
0 0 0 -191.25
0 0 0 -191.25
0 0 0 -191.25
0 0 0 -191.25
0 0 0 -191.25
0 0 0 -191.25
0 0 0 -191.25
0 0 0 -191.25
0 0 0 -191.25
0 0 0 -191.25
1 11 0 -173.58984375
10 4 4 -170.0654296875
0 0 0 -191.25
0 0 0 -191.25
1 11 4 -169.828125
10 4 0 -172.5
0 0 0 -191.25
0 0 0 -191.25
1 11 0 -173.58984375
10 4 4 -170.0654296875
0 0 0 -191.25
0 0 0 -191.25
1 11 4 -169.828125
10 4 0 -172.5
0 0 0 -191.25
0 0 0 -191.25
0 0 0 -191.25
0 0 0 -191.25
0 0 0 -191.25
0 0 0 -191.25
0 0 0 -191.25
0 0 0 -191.25
0 0 0 -191.25
0 0 0 -191.25
0 0 0 -191.25
0 0 0 -191.25
0 0 0 -191.25
0 0 0 -191.25
0 0 0 -191.25
0 0 0 -191.25
0 0 0 -191.25
0 0 0 -191.25
1 12 0 -151.6787109375
0 0 0 -191.25
0 0 0 -191.25
0 0 0 -191.25
0 0 0 -191.25
5 5 6 -152.5576171875
0 0 0 -191.25
0 0 0 -191.25
1 12 0 -151.6787109375
0 0 0 -191.25
0 0 0 -191.25
0 0 0 -191.25
0 0 0 -191.25
5 5 6 -152.5576171875
0 0 0 -191.25
0 0 0 -191.25
0 0 0 -191.25
0 0 0 -191.25
0 0 0 -191.25
0 0 0 -191.25
0 0 0 -191.25
0 0 0 -191.25
0 0 0 -191.25
0 0 0 -191.25
0 0 0 -191.25
0 0 0 -191.25
0 0 0 -191.25
0 0 0 -191.25
0 0 0 -191.25
0 0 0 -191.25
0 0 0 -191.25
0 13 0 -162.71484375
5 6 0 -181.44140625
0 0 0 -191.25
0 0 0 -191.25
0 0 0 -191.25
0 0 0 -191.25
5 6 6 -179.6484375
3 9 4 -162.732421875
0 13 0 -162.71484375
5 6 0 -181.44140625
0 0 0 -191.25
0 0 0 -191.25
0 0 0 -191.25
0 0 0 -191.25
5 6 6 -179.6484375
3 9 4 -162.732421875
0 0 0 -191.25
0 0 0 -191.25
0 0 0 -191.25
0 0 0 -191.25
0 0 0 -191.25
0 0 0 -191.25
0 0 0 -191.25
0 0 0 -191.25
0 0 0 -191.25
0 0 0 -191.25
0 0 0 -191.25
0 0 0 -191.25
0 0 0 -191.25
0 0 0 -191.25
0 0 0 -191.25
0 0 0 -190.11328125
0 14 0 -130.5087890625
1 14 0 -168.140625
1 14 0 -168.140625
1 14 0 -168.140625
1 14 0 -168.140625
1 14 0 -168.140625
1 14 0 -168.140625
4 7 6 -118.1923828125
0 14 0 -130.4853515625
1 14 0 -168.140625
1 14 0 -168.140625
1 14 0 -168.140625
1 14 0 -168.140625
1 14 0 -168.140625
1 14 0 -168.140625
4 7 6 -118.2041015625
0 0 0 -190.11328125
0 0 0 -191.25
0 0 0 -191.25
0 0 0 -191.25
0 0 0 -191.25
0 0 0 -191.25
0 0 0 -191.25
0 0 0 -191.25
0 0 0 -191.25
0 0 0 -191.25
0 0 0 -191.25
0 0 0 -191.25
0 0 0 -191.25
0 0 0 -191.25
0 0 0 -191.25
3 8 0 -151.025390625
8 7 4 -143.1767578125
5 7 2 -182.390625
5 7 2 -182.390625
5 7 2 -182.390625
5 7 2 -182.390625
5 7 2 -182.390625
5 7 2 -182.390625
5 7 2 -182.390625
5 7 2 -182.390625
5 7 2 -182.390625
5 7 2 -182.390625
5 7 2 -182.390625
5 7 2 -182.390625
5 7 2 -182.390625
5 7 2 -182.390625
4 7 2 -144.328125
3 8 6 -151.482421875
0 0 0 -191.25
0 0 0 -191.25
0 0 0 -191.25
0 0 0 -191.25
0 0 0 -191.25
0 0 0 -191.25
0 0 0 -191.25
0 0 0 -191.25
0 0 0 -191.25
0 0 0 -191.25
0 0 0 -191.25
0 0 0 -191.25
0 0 0 -191.25
5 6 2 -179.6748046875
4 6 2 -163.1865234375
3 9 6 -162.84375
5 6 4 -181.0634765625
0 0 0 -191.25
0 0 0 -191.25
0 0 0 -191.25
0 0 0 -191.25
0 0 0 -191.25
0 0 0 -191.25
0 0 0 -191.25
0 0 0 -191.25
0 0 0 -191.25
0 0 0 -191.25
0 0 0 -191.25
0 0 0 -191.25
5 6 2 -179.6748046875
4 6 2 -163.1865234375
3 9 6 -162.84375
5 6 4 -181.0634765625
0 0 0 -191.25
0 0 0 -191.25
0 0 0 -191.25
0 0 0 -191.25
0 0 0 -191.25
0 0 0 -191.25
0 0 0 -191.25
0 0 0 -191.25
0 0 0 -191.25
0 0 0 -191.25
0 0 0 -191.25
0 0 0 -191.25
5 5 2 -150.9462890625
0 0 0 -191.25
0 0 0 -191.25
2 10 6 -151.623046875
0 0 0 -191.25
0 0 0 -191.25
0 0 0 -191.25
0 0 0 -191.25
0 0 0 -191.25
0 0 0 -191.25
0 0 0 -191.25
0 0 0 -191.25
0 0 0 -191.25
0 0 0 -191.25
0 0 0 -191.25
0 0 0 -191.25
5 5 2 -150.9462890625
0 0 0 -191.25
0 0 0 -191.25
2 10 6 -151.623046875
0 0 0 -191.25
0 0 0 -191.25
0 0 0 -191.25
0 0 0 -191.25
0 0 0 -191.25
0 0 0 -191.25
0 0 0 -191.25
0 0 0 -191.25
0 0 0 -191.25
0 0 0 -191.25
0 0 0 -191.25
1 11 0 -169.62890625
10 4 4 -174.0498046875
0 0 0 -191.25
0 0 0 -191.25
5 4 4 -171.45703125
1 11 6 -170.9296875
0 0 0 -191.25
0 0 0 -191.25
0 0 0 -191.25
0 0 0 -191.25
0 0 0 -191.25
0 0 0 -191.25
0 0 0 -191.25
0 0 0 -191.25
0 0 0 -191.25
0 0 0 -191.25
1 11 0 -169.62890625
10 4 4 -174.0498046875
0 0 0 -191.25
0 0 0 -191.25
5 4 4 -171.45703125
1 11 6 -170.9296875
0 0 0 -191.25
0 0 0 -191.25
0 0 0 -191.25
0 0 0 -191.25
0 0 0 -191.25
0 0 0 -191.25
0 0 0 -191.25
0 0 0 -191.25
0 0 0 -191.25
0 0 0 -191.25
6 3 2 -150.59765625
0 0 0 -191.25
0 0 0 -191.25
0 0 0 -191.25
0 0 0 -191.25
1 12 6 -149.9560546875
0 0 0 -191.25
0 0 0 -191.25
0 0 0 -191.25
0 0 0 -191.25
0 0 0 -191.25
0 0 0 -191.25
0 0 0 -191.25
0 0 0 -191.25
0 0 0 -191.25
0 0 0 -191.25
6 3 2 -150.59765625
0 0 0 -191.25
0 0 0 -191.25
0 0 0 -191.25
0 0 0 -191.25
1 12 6 -149.9560546875
0 0 0 -191.25
0 0 0 -191.25
0 0 0 -191.25
0 0 0 -191.25
0 0 0 -191.25
0 0 0 -191.25
0 0 0 -191.25
0 0 0 -191.25
0 0 0 -191.25
7 2 2 -157.822265625
6 2 2 -184.8837890625
0 0 0 -191.25
0 0 0 -191.25
0 0 0 -191.25
0 0 0 -191.25
1 13 6 -184.3564453125
0 13 6 -159.703125
0 0 0 -191.25
0 0 0 -191.25
0 0 0 -191.25
0 0 0 -191.25
0 0 0 -191.25
0 0 0 -191.25
0 0 0 -191.25
0 0 0 -191.25
7 2 2 -157.822265625
6 2 2 -184.8837890625
0 0 0 -191.25
0 0 0 -191.25
0 0 0 -191.25
0 0 0 -191.25
1 13 6 -184.3564453125
0 13 6 -159.703125
0 0 0 -191.25
0 0 0 -191.25
0 0 0 -191.25
0 0 0 -191.25
0 0 0 -191.25
0 0 0 -191.25
0 0 0 -191.25
6 2 0 -189.7705078125
0 14 0 -100.0869140625
1 14 0 -134.203125
1 14 0 -134.203125
1 14 0 -134.203125
1 14 0 -134.203125
1 14 0 -134.203125
1 14 0 -134.203125
0 14 6 -98.794921875
0 0 0 -186.55078125
0 0 0 -191.25
0 0 0 -191.25
0 0 0 -191.25
0 0 0 -191.25
0 0 0 -191.25
0 0 0 -191.25
6 2 0 -189.7705078125
0 14 0 -100.0869140625
1 14 0 -134.203125
1 14 0 -134.203125
1 14 0 -134.203125
1 14 0 -134.203125
1 14 0 -134.203125
1 14 0 -134.203125
0 14 6 -98.783203125
0 0 0 -186.5625
0 0 0 -191.25
0 0 0 -191.25
0 0 0 -191.25
0 0 0 -191.25
0 0 0 -191.25
0 0 0 -191.25
6 3 0 -152.42578125
3 8 6 -150.896484375
0 0 0 -191.25
0 0 0 -191.25
0 0 0 -191.25
0 0 0 -191.25
0 0 0 -191.25
0 0 0 -191.25
6 3 0 -152.42578125
3 8 6 -150.896484375
0 0 0 -191.25
0 0 0 -191.25
0 0 0 -191.25
0 0 0 -191.25
0 0 0 -191.25
0 0 0 -191.25
6 3 0 -152.42578125
3 8 6 -150.896484375
0 0 0 -191.25
0 0 0 -191.25
0 0 0 -191.25
0 0 0 -191.25
0 0 0 -191.25
0 0 0 -191.25
6 3 0 -152.42578125
3 8 6 -150.896484375
0 0 0 -191.25
0 0 0 -191.25
0 0 0 -191.25
0 0 0 -191.25
0 0 0 -191.25
5 6 5 -174.7763671875
1 11 2 -161.888671875
4 6 4 -166.8720703125
5 6 4 -176.1650390625
0 0 0 -191.25
0 0 0 -191.25
0 0 0 -191.25
0 0 0 -191.25
5 6 5 -174.7763671875
1 11 2 -161.888671875
4 6 4 -166.8720703125
5 6 4 -176.1650390625
0 0 0 -191.25
0 0 0 -191.25
0 0 0 -191.25
0 0 0 -191.25
5 6 5 -174.7763671875
1 11 2 -161.888671875
4 6 4 -166.8720703125
5 6 4 -176.1650390625
0 0 0 -191.25
0 0 0 -191.25
0 0 0 -191.25
0 0 0 -191.25
5 6 5 -174.7763671875
1 11 2 -161.888671875
4 6 4 -166.8720703125
5 6 4 -176.1650390625
0 0 0 -191.25
0 0 0 -191.25
0 0 0 -191.25
0 0 0 -191.25
5 5 0 -151.8076171875
0 0 0 -191.25
0 0 0 -191.25
5 5 4 -151.6845703125
0 0 0 -191.25
0 0 0 -191.25
0 0 0 -191.25
0 0 0 -191.25
5 5 0 -151.8076171875
0 0 0 -191.25
0 0 0 -191.25
5 5 4 -151.6845703125
0 0 0 -191.25
0 0 0 -191.25
0 0 0 -191.25
0 0 0 -191.25
5 5 0 -151.8076171875
0 0 0 -191.25
0 0 0 -191.25
5 5 4 -151.6845703125
0 0 0 -191.25
0 0 0 -191.25
0 0 0 -191.25
0 0 0 -191.25
5 5 0 -151.8076171875
0 0 0 -191.25
0 0 0 -191.25
5 5 4 -151.6845703125
0 0 0 -191.25
0 0 0 -191.25
0 0 0 -191.25
4 6 0 -168.5390625
5 6 7 -173.5078125
0 0 0 -191.25
0 0 0 -191.25
5 4 4 -176.3203125
1 11 6 -166.04296875
0 0 0 -191.25
0 0 0 -191.25
4 6 0 -168.5390625
5 6 7 -173.5078125
0 0 0 -191.25
0 0 0 -191.25
5 4 4 -176.3203125
1 11 6 -166.04296875
0 0 0 -191.25
0 0 0 -191.25
4 6 0 -168.5390625
5 6 7 -173.5078125
0 0 0 -191.25
0 0 0 -191.25
5 4 4 -176.3203125
1 11 6 -166.04296875
0 0 0 -191.25
0 0 0 -191.25
4 6 0 -168.5390625
5 6 7 -173.5078125
0 0 0 -191.25
0 0 0 -191.25
5 4 4 -176.3203125
1 11 6 -166.04296875
0 0 0 -191.25
0 0 0 -191.25
4 7 0 -152.5693359375
0 0 0 -191.25
0 0 0 -191.25
0 0 0 -191.25
0 0 0 -191.25
6 3 4 -151.06640625
0 0 0 -191.25
0 0 0 -191.25
4 7 0 -152.5693359375
0 0 0 -191.25
0 0 0 -191.25
0 0 0 -191.25
0 0 0 -191.25
6 3 4 -151.06640625
0 0 0 -191.25
0 0 0 -191.25
4 7 0 -152.5693359375
0 0 0 -191.25
0 0 0 -191.25
0 0 0 -191.25
0 0 0 -191.25
6 3 4 -151.06640625
0 0 0 -191.25
0 0 0 -191.25
4 7 0 -152.5693359375
0 0 0 -191.25
0 0 0 -191.25
0 0 0 -191.25
0 0 0 -191.25
6 3 4 -151.06640625
0 0 0 -191.25
7 1 0 -155.6923828125
3 7 2 -183.7822265625
0 0 0 -191.25
0 0 0 -191.25
0 0 0 -191.25
0 0 0 -191.25
6 2 4 -188.0625
7 2 4 -154.8662109375
7 1 0 -155.6923828125
3 7 2 -183.7822265625
0 0 0 -191.25
0 0 0 -191.25
0 0 0 -191.25
0 0 0 -191.25
6 2 4 -188.0625
7 2 4 -154.8662109375
7 1 0 -155.6923828125
3 7 2 -183.7822265625
0 0 0 -191.25
0 0 0 -191.25
0 0 0 -191.25
0 0 0 -191.25
6 2 4 -188.0625
7 2 4 -154.8662109375
7 1 0 -155.6923828125
3 7 2 -183.7822265625
0 0 0 -191.25
0 0 0 -191.25
0 0 0 -191.25
0 0 0 -191.25
6 2 4 -188.0625
7 2 4 -154.8662109375
7 2 0 -96.59765625
2 9 0 -133.259765625
2 9 0 -133.259765625
2 9 0 -133.259765625
2 9 0 -133.259765625
2 9 0 -133.259765625
2 9 0 -133.259765625
7 1 4 -97.869140625
7 2 0 -96.57421875
2 9 0 -133.259765625
2 9 0 -133.259765625
2 9 0 -133.259765625
2 9 0 -133.259765625
2 9 0 -133.259765625
2 9 0 -133.259765625
7 1 4 -97.869140625
7 2 0 -96.57421875
2 9 0 -133.259765625
2 9 0 -133.259765625
2 9 0 -133.259765625
2 9 0 -133.259765625
2 9 0 -133.259765625
2 9 0 -133.259765625
7 1 4 -97.869140625
7 2 0 -96.57421875
2 9 0 -133.259765625
2 9 0 -133.259765625
2 9 0 -133.259765625
2 9 0 -133.259765625
2 9 0 -133.259765625
2 9 0 -133.259765625
7 1 4 -97.880859375
0 0 0 -191.25
0 0 0 -191.25
0 0 0 -191.25
0 0 0 -191.25
0 0 0 -191.25
0 0 0 -191.25
0 0 0 -191.25
0 0 0 -191.25
0 0 0 -191.25
0 0 0 -191.25
0 0 0 -191.25
0 0 0 -191.25
0 0 0 -191.25
0 0 0 -191.25
0 0 0 -191.25
0 0 0 -191.25
0 0 0 -191.25
0 0 0 -191.25
0 0 0 -191.25
0 0 0 -191.25
0 0 0 -191.25
0 0 0 -191.25
0 0 0 -191.25
0 0 0 -191.25
0 0 0 -191.25
0 0 0 -191.25
0 0 0 -191.25
0 0 0 -191.25
0 0 0 -191.25
0 0 0 -191.25
0 0 0 -191.25
0 0 0 -191.25
0 0 0 -191.25
0 0 0 -191.25
0 0 0 -191.25
0 0 0 -191.25
0 0 0 -191.25
0 0 0 -191.25
0 0 0 -191.25
0 0 0 -191.25
0 0 0 -191.25
0 0 0 -191.25
0 0 0 -191.25
0 0 0 -191.25
0 0 0 -191.25
0 0 0 -191.25
0 0 0 -191.25
0 0 0 -191.25
0 0 0 -191.25
0 0 0 -191.25
0 0 0 -191.25
0 0 0 -191.25
0 0 0 -191.25
0 0 0 -191.25
0 0 0 -191.25
0 0 0 -191.25
0 0 0 -191.25
0 0 0 -191.25
0 0 0 -191.25
0 0 0 -191.25
0 0 0 -191.25
0 0 0 -191.25
0 0 0 -191.25
0 0 0 -191.25
